Result
------

Rotation of the mirror (Roll, Pitch, Yaw): [0.5911741481481482, -1.618963296296169, 302.74552559259257]

Other Values:
ori1IMU: [-0.0023382810125262923, 0.005125891804990769, -2.446276624406463]
ori2IMU: [0.006947860791545839, -0.006170646477010992, -0.8432680989292547]
avg_imu1: [2.8912482980037955, 4.662323931538552]
avg_imu2: [3.853584886642238, 4.651286783508206]
avg_mirror1: [4.473054022093932, 4.7089609268409705]
avg_mirror2: [2.2828835406652352, 4.712057856519]
ori1mirror: [-0.0023382810125262923, -0.041511103497427836, -4.0280823484966]
ori2mirror: [0.006947860791545839, -0.06694171948780564, 0.727433247047748]
